Kp = 10;
Ki = 10;
Kd = 2;
time = 0:10;
signal = [0 45 90 135 180 225 270 315 360 0 0];
